         isp
   0.0000E+00
   9.8778E+02
   2.1238E+03
   2.1289E+03
   2.1338E+03
   2.1386E+03
   2.1432E+03
   0.0000E+00
   9.8788E+02
   2.1238E+03
   2.1289E+03
   2.1338E+03
   2.1386E+03
   2.1432E+03
   0.0000E+00
   9.8797E+02
   2.1238E+03
   2.1289E+03
   2.1338E+03
   2.1386E+03
   2.1432E+03
   0.0000E+00
   9.8806E+02
   2.1238E+03
   2.1289E+03
   2.1338E+03
   2.1386E+03
   2.1433E+03
   0.0000E+00
   9.8815E+02
   2.1239E+03
   2.1289E+03
   2.1339E+03
   2.1386E+03
   2.1433E+03
   0.0000E+00
   9.8823E+02
   2.1239E+03
   2.1290E+03
   2.1339E+03
   2.1387E+03
   2.1433E+03
   0.0000E+00
   9.8831E+02
   2.1239E+03
   2.1290E+03
   2.1339E+03
   2.1387E+03
   2.1433E+03
   0.0000E+00
   9.8839E+02
   2.1239E+03
   2.1290E+03
   2.1339E+03
   2.1387E+03
   2.1433E+03
   0.0000E+00
   9.8846E+02
   2.1239E+03
   2.1290E+03
   2.1339E+03
   2.1387E+03
   2.1433E+03
   0.0000E+00
   9.8853E+02
   2.1239E+03
   2.1290E+03
   2.1339E+03
   2.1387E+03
   2.1433E+03
   0.0000E+00
   9.8860E+02
   2.1240E+03
   2.1290E+03
   2.1340E+03
   2.1387E+03
   2.1434E+03
   0.0000E+00
   9.8867E+02
   2.1240E+03
   2.1291E+03
   2.1340E+03
   2.1387E+03
   2.1434E+03
   0.0000E+00
   9.8873E+02
   2.1240E+03
   2.1291E+03
   2.1340E+03
   2.1388E+03
   2.1434E+03
   0.0000E+00
   9.8879E+02
   2.1240E+03
   2.1291E+03
   2.1340E+03
   2.1388E+03
   2.1434E+03
   0.0000E+00
   9.8885E+02
   2.1240E+03
   2.1291E+03
   2.1340E+03
   2.1388E+03
   2.1434E+03
   0.0000E+00
   9.8891E+02
   2.1240E+03
   2.1291E+03
   2.1340E+03
   2.1388E+03
   2.1434E+03
   0.0000E+00
   9.8897E+02
   2.1240E+03
   2.1291E+03
   2.1340E+03
   2.1388E+03
   2.1434E+03
   0.0000E+00
   9.8968E+02
   2.1453E+03
   2.1505E+03
   2.1555E+03
   2.1604E+03
   2.1651E+03
   0.0000E+00
   9.8984E+02
   2.1454E+03
   2.1505E+03
   2.1556E+03
   2.1604E+03
   2.1651E+03
   0.0000E+00
   9.9000E+02
   2.1454E+03
   2.1506E+03
   2.1556E+03
   2.1605E+03
   2.1652E+03
   0.0000E+00
   9.9014E+02
   2.1454E+03
   2.1506E+03
   2.1556E+03
   2.1605E+03
   2.1652E+03
   0.0000E+00
   9.9029E+02
   2.1455E+03
   2.1506E+03
   2.1557E+03
   2.1605E+03
   2.1652E+03
   0.0000E+00
   9.9042E+02
   2.1455E+03
   2.1507E+03
   2.1557E+03
   2.1605E+03
   2.1653E+03
   0.0000E+00
   9.9055E+02
   2.1455E+03
   2.1507E+03
   2.1557E+03
   2.1606E+03
   2.1653E+03
   0.0000E+00
   9.9068E+02
   2.1456E+03
   2.1507E+03
   2.1557E+03
   2.1606E+03
   2.1653E+03
   0.0000E+00
   9.9080E+02
   2.1456E+03
   2.1508E+03
   2.1558E+03
   2.1606E+03
   2.1653E+03
   0.0000E+00
   9.9092E+02
   2.1456E+03
   2.1508E+03
   2.1558E+03
   2.1607E+03
   2.1654E+03
   0.0000E+00
   9.9104E+02
   2.1456E+03
   2.1508E+03
   2.1558E+03
   2.1607E+03
   2.1654E+03
   0.0000E+00
   9.9115E+02
   2.1457E+03
   2.1508E+03
   2.1558E+03
   2.1607E+03
   2.1654E+03
   0.0000E+00
   9.9126E+02
   2.1457E+03
   2.1509E+03
   2.1559E+03
   2.1607E+03
   2.1654E+03
   0.0000E+00
   9.9136E+02
   2.1457E+03
   2.1509E+03
   2.1559E+03
   2.1607E+03
   2.1655E+03
   0.0000E+00
   9.9146E+02
   2.1457E+03
   2.1509E+03
   2.1559E+03
   2.1608E+03
   2.1655E+03
   0.0000E+00
   9.9156E+02
   2.1457E+03
   2.1509E+03
   2.1559E+03
   2.1608E+03
   2.1655E+03
   0.0000E+00
   9.9165E+02
   2.1458E+03
   2.1509E+03
   2.1559E+03
   2.1608E+03
   2.1655E+03
   0.0000E+00
   9.8721E+02
   2.1628E+03
   2.1681E+03
   2.1732E+03
   2.1782E+03
   2.1830E+03
   0.0000E+00
   9.8745E+02
   2.1629E+03
   2.1682E+03
   2.1733E+03
   2.1782E+03
   2.1830E+03
   0.0000E+00
   9.8769E+02
   2.1629E+03
   2.1682E+03
   2.1733E+03
   2.1783E+03
   2.1831E+03
   0.0000E+00
   9.8791E+02
   2.1630E+03
   2.1683E+03
   2.1734E+03
   2.1783E+03
   2.1831E+03
   0.0000E+00
   9.8813E+02
   2.1631E+03
   2.1683E+03
   2.1734E+03
   2.1784E+03
   2.1832E+03
   0.0000E+00
   9.8834E+02
   2.1631E+03
   2.1684E+03
   2.1735E+03
   2.1784E+03
   2.1832E+03
   0.0000E+00
   9.8854E+02
   2.1632E+03
   2.1684E+03
   2.1735E+03
   2.1785E+03
   2.1833E+03
   0.0000E+00
   9.8874E+02
   2.1632E+03
   2.1685E+03
   2.1736E+03
   2.1785E+03
   2.1833E+03
   0.0000E+00
   9.8893E+02
   2.1632E+03
   2.1685E+03
   2.1736E+03
   2.1786E+03
   2.1834E+03
   0.0000E+00
   9.8912E+02
   2.1633E+03
   2.1686E+03
   2.1737E+03
   2.1786E+03
   2.1834E+03
   0.0000E+00
   9.8929E+02
   2.1633E+03
   2.1686E+03
   2.1737E+03
   2.1786E+03
   2.1834E+03
   0.0000E+00
   9.8947E+02
   2.1634E+03
   2.1686E+03
   2.1737E+03
   2.1787E+03
   2.1835E+03
   0.0000E+00
   9.8963E+02
   2.1634E+03
   2.1687E+03
   2.1738E+03
   2.1787E+03
   2.1835E+03
   0.0000E+00
   9.8980E+02
   2.1634E+03
   2.1687E+03
   2.1738E+03
   2.1788E+03
   2.1835E+03
   0.0000E+00
   9.8996E+02
   2.1635E+03
   2.1687E+03
   2.1738E+03
   2.1788E+03
   2.1836E+03
   0.0000E+00
   9.9011E+02
   2.1635E+03
   2.1688E+03
   2.1739E+03
   2.1788E+03
   2.1836E+03
   0.0000E+00
   9.9026E+02
   2.1636E+03
   2.1688E+03
   2.1739E+03
   2.1789E+03
   2.1837E+03
   0.0000E+00
   9.8032E+02
   2.1764E+03
   2.1817E+03
   2.1869E+03
   2.1920E+03
   2.1969E+03
   0.0000E+00
   9.8062E+02
   2.1765E+03
   2.1818E+03
   2.1870E+03
   2.1921E+03
   2.1969E+03
   0.0000E+00
   9.8092E+02
   2.1766E+03
   2.1819E+03
   2.1871E+03
   2.1921E+03
   2.1970E+03
   0.0000E+00
   9.8121E+02
   2.1766E+03
   2.1820E+03
   2.1872E+03
   2.1922E+03
   2.1971E+03
   0.0000E+00
   9.8149E+02
   2.1767E+03
   2.1821E+03
   2.1873E+03
   2.1923E+03
   2.1972E+03
   0.0000E+00
   9.8176E+02
   2.1768E+03
   2.1822E+03
   2.1874E+03
   2.1924E+03
   2.1973E+03
   0.0000E+00
   9.8202E+02
   2.1769E+03
   2.1822E+03
   2.1874E+03
   2.1925E+03
   2.1973E+03
   0.0000E+00
   9.8227E+02
   2.1770E+03
   2.1823E+03
   2.1875E+03
   2.1925E+03
   2.1974E+03
   0.0000E+00
   9.8252E+02
   2.1770E+03
   2.1824E+03
   2.1876E+03
   2.1926E+03
   2.1975E+03
   0.0000E+00
   9.8276E+02
   2.1771E+03
   2.1825E+03
   2.1876E+03
   2.1927E+03
   2.1976E+03
   0.0000E+00
   9.8299E+02
   2.1772E+03
   2.1825E+03
   2.1877E+03
   2.1927E+03
   2.1976E+03
   0.0000E+00
   9.8322E+02
   2.1772E+03
   2.1826E+03
   2.1878E+03
   2.1928E+03
   2.1977E+03
   0.0000E+00
   9.8344E+02
   2.1773E+03
   2.1826E+03
   2.1878E+03
   2.1929E+03
   2.1977E+03
   0.0000E+00
   9.8365E+02
   2.1774E+03
   2.1827E+03
   2.1879E+03
   2.1929E+03
   2.1978E+03
   0.0000E+00
   9.8386E+02
   2.1774E+03
   2.1828E+03
   2.1880E+03
   2.1930E+03
   2.1979E+03
   0.0000E+00
   9.8407E+02
   2.1775E+03
   2.1828E+03
   2.1880E+03
   2.1930E+03
   2.1979E+03
   0.0000E+00
   9.8426E+02
   2.1775E+03
   2.1829E+03
   2.1881E+03
   2.1931E+03
   2.1980E+03
   0.0000E+00
   9.7133E+02
   2.1856E+03
   2.1910E+03
   2.1963E+03
   2.2015E+03
   2.2064E+03
   0.0000E+00
   9.7164E+02
   2.1857E+03
   2.1912E+03
   2.1965E+03
   2.2016E+03
   2.2066E+03
   0.0000E+00
   9.7194E+02
   2.1858E+03
   2.1913E+03
   2.1966E+03
   2.2017E+03
   2.2067E+03
   0.0000E+00
   9.7224E+02
   2.1860E+03
   2.1914E+03
   2.1967E+03
   2.2018E+03
   2.2068E+03
   0.0000E+00
   9.7252E+02
   2.1861E+03
   2.1915E+03
   2.1968E+03
   2.2020E+03
   2.2069E+03
   0.0000E+00
   9.7280E+02
   2.1862E+03
   2.1917E+03
   2.1970E+03
   2.2021E+03
   2.2071E+03
   0.0000E+00
   9.7307E+02
   2.1863E+03
   2.1918E+03
   2.1971E+03
   2.2022E+03
   2.2072E+03
   0.0000E+00
   9.7333E+02
   2.1864E+03
   2.1919E+03
   2.1972E+03
   2.2023E+03
   2.2073E+03
   0.0000E+00
   9.7359E+02
   2.1865E+03
   2.1920E+03
   2.1973E+03
   2.2024E+03
   2.2074E+03
   0.0000E+00
   9.7383E+02
   2.1866E+03
   2.1921E+03
   2.1974E+03
   2.2025E+03
   2.2075E+03
   0.0000E+00
   9.7408E+02
   2.1868E+03
   2.1922E+03
   2.1975E+03
   2.2026E+03
   2.2076E+03
   0.0000E+00
   9.7431E+02
   2.1868E+03
   2.1923E+03
   2.1976E+03
   2.2027E+03
   2.2077E+03
   0.0000E+00
   9.7454E+02
   2.1869E+03
   2.1924E+03
   2.1977E+03
   2.2028E+03
   2.2078E+03
   0.0000E+00
   9.7477E+02
   2.1870E+03
   2.1925E+03
   2.1978E+03
   2.2029E+03
   2.2079E+03
   0.0000E+00
   9.7499E+02
   2.1871E+03
   2.1926E+03
   2.1979E+03
   2.2030E+03
   2.2080E+03
   0.0000E+00
   9.7520E+02
   2.1872E+03
   2.1927E+03
   2.1979E+03
   2.2031E+03
   2.2080E+03
   0.0000E+00
   9.7541E+02
   2.1873E+03
   2.1928E+03
   2.1980E+03
   2.2032E+03
   2.2081E+03