         isp
   0.0000E+00
   1.1085E+03
   2.4996E+03
   2.5059E+03
   2.5120E+03
   2.5179E+03
   2.5237E+03
   0.0000E+00
   1.1089E+03
   2.4998E+03
   2.5061E+03
   2.5122E+03
   2.5182E+03
   2.5239E+03
   0.0000E+00
   1.1092E+03
   2.5000E+03
   2.5064E+03
   2.5125E+03
   2.5184E+03
   2.5241E+03
   0.0000E+00
   1.1096E+03
   2.5003E+03
   2.5066E+03
   2.5127E+03
   2.5186E+03
   2.5243E+03
   0.0000E+00
   1.1099E+03
   2.5005E+03
   2.5068E+03
   2.5129E+03
   2.5188E+03
   2.5246E+03
   0.0000E+00
   1.0994E+03
   2.5031E+03
   2.5096E+03
   2.5158E+03
   2.5219E+03
   2.5278E+03
   0.0000E+00
   1.0997E+03
   2.5034E+03
   2.5099E+03
   2.5161E+03
   2.5222E+03
   2.5281E+03
   0.0000E+00
   1.1001E+03
   2.5037E+03
   2.5101E+03
   2.5164E+03
   2.5225E+03
   2.5284E+03
   0.0000E+00
   1.1004E+03
   2.5040E+03
   2.5104E+03
   2.5167E+03
   2.5227E+03
   2.5286E+03
   0.0000E+00
   1.1007E+03
   2.5042E+03
   2.5107E+03
   2.5169E+03
   2.5230E+03
   2.5289E+03
   0.0000E+00
   1.0906E+03
   2.5017E+03
   2.5083E+03
   2.5147E+03
   2.5209E+03
   2.5270E+03
   0.0000E+00
   1.0909E+03
   2.5021E+03
   2.5087E+03
   2.5151E+03
   2.5213E+03
   2.5273E+03
   0.0000E+00
   1.0913E+03
   2.5024E+03
   2.5090E+03
   2.5154E+03
   2.5216E+03
   2.5277E+03
   0.0000E+00
   1.0916E+03
   2.5028E+03
   2.5094E+03
   2.5158E+03
   2.5220E+03
   2.5280E+03
   0.0000E+00
   1.0919E+03
   2.5031E+03
   2.5097E+03
   2.5161E+03
   2.5223E+03
   2.5283E+03
   0.0000E+00
   1.0823E+03
   2.4956E+03
   2.5024E+03
   2.5089E+03
   2.5153E+03
   2.5214E+03
   0.0000E+00
   1.0826E+03
   2.4961E+03
   2.5028E+03
   2.5093E+03
   2.5157E+03
   2.5219E+03
   0.0000E+00
   1.0830E+03
   2.4965E+03
   2.5032E+03
   2.5097E+03
   2.5161E+03
   2.5223E+03
   0.0000E+00
   1.0833E+03
   2.4969E+03
   2.5036E+03
   2.5101E+03
   2.5165E+03
   2.5226E+03
   0.0000E+00
   1.0836E+03
   2.4972E+03
   2.5040E+03
   2.5105E+03
   2.5169E+03
   2.5230E+03
   0.0000E+00
   1.0744E+03
   2.4853E+03
   2.4921E+03
   2.4988E+03
   2.5052E+03
   2.5115E+03
   0.0000E+00
   1.0748E+03
   2.4857E+03
   2.4926E+03
   2.4992E+03
   2.5057E+03
   2.5120E+03
   0.0000E+00
   1.0751E+03
   2.4862E+03
   2.4930E+03
   2.4997E+03
   2.5061E+03
   2.5124E+03
   0.0000E+00
   1.0755E+03
   2.4866E+03
   2.4935E+03
   2.5001E+03
   2.5066E+03
   2.5128E+03
   0.0000E+00
   1.0758E+03
   2.4871E+03
   2.4939E+03
   2.5006E+03
   2.5070E+03
   2.5133E+03